01000011010110100110001111101000
01000011010111111100111101001001
01000011011101011011111111011010
01000011011101001100011011011101
01000011010100111011001010001001
01000010101000001111000100111100
01000011010001000010110101110001
01000001100001101010110011011010
01000011011110000110101000110010
01000001101111010101000001001001
01000011000110010000101000011110
01000010100000001010011101110100
01000001110000101110000100010110
01000011010010100011010110111011
01000010110010110000110110100101
01000010110110001010101010100010
01000010110011111111001000100111
01000011011011011110001011110000
01000010101111010010110011111000
01000010111110111111010001111001
01000001101101010100011000000111
01000011011000100100001110011100
01000011001111110001001100001010
01000010001000010111100110000011
01000011010001101011110001110110
01000011010001111101111010001101
01000010101000100101000000101110
01000011001111100010010001111101
01000011000001000101011100010100
01000011001010101011101111000001
01000011010011110011100000000010
01000010000111011010101110110110
01000010100011010101111110010010
01000011001011010111110000011011
01000011000011110110010000101111
01000011000101110011100011001110
00111101000101101110011010110001
01000011001011011111011111100000
01000011001000101100100010100000
01000011011110000110001010111011
01000011000001100111101100011000
01000011001011000000100101100010
01000011001010001110101111010000
01000011011001110010010100001111
01000011011101001000110111100111
01000011000010110110100010101111
01000011011001110111100110011110
01000011010000000101001001101111
01000010111001110000010100001110
01000010110000100100011101011010
01000010010101110101011010010110
01000010100011001111100001110001
01000001100101110001110101001001
01000010010111100100100011110001
01000001111001000110100111011110
01000011011000100110000111110001
01000011000011011100100111110011
01000011000111001010001011101100
01000010110111100100010011100001
01000010000001111100010110000101
01000010000011011001110011000111
01000010110011011110010001110101
01000011001100010010111110011111
01000011011011011101110111101010
01000011000110011100110000101101
01000010110001001101000010100011
01000010101111110010110010011010
01000010000001000110111011001110
01000010111001110011111000010001
01000000111110110000110001110001
01000011011101000101101010101110
01000001101011110010000111011011
01000010100011110010010110111110
01000011010011001000010011111000
01000011001100010000001001001011
01000011000110100011100010011110
01000011010101000001111011111100
01000010011100000101001101110001
01000010101001110011010011100101
01000011011100110100111011111011
01000010101111100001001110111101
01000011001000101101110011000101
01000010010101010011101011010001
01000010111010110011111000100100
01000001111000011001100010001000
01000010111010101000010111110101
01000010000100011011110001011000
01000001111111111010011100011010
01000010110001001111101011010100
01000011010100110001111110000110
00111111100000010111000110101010
01000000010111101100111010101011
01000011000100001010110001011000
01000001001100001100100011100010
01000011010011001010101100011100
01000011010111101111101011100011
01000010000000010110111110010000
01000011000010000010011011010101
01000010100010001001111010011110
01000011000010011111111110100110
01000011001110000011011001110010
01000010001000011111101110100011
01000011001110010110101011011010
01000010010011001110001111101010
01000011010000100100001000110101
01000011010110110111111100110010
01000011000110111110011010001010
01000010111001101011001101100000
01000010111010001011111011100000
01000010110011011000011010100000
01000001001010000101101010000100
01000010110001000100010110111111
01000010000101010111111000011010
01000010110011101101000111111010
01000010001100111110101100011111
01000011001110100011100101101100
01000011001000000101110111011101
01000010100011001000000010010011
01000010100000101011100100110111
01000011000100111011100000110111
01000011001101111110000010001011
01000011010011000000100101100011
01000011010011010001110100111001
01000001111101110110001101000101
01000000101111010011001000101001
01000010100011111111100000010111
01000010101011001011011000110110
01000011001010000111000111100101
01000010111110010100111100111111
01000010111010000111001001011110
01000011000000100110110001111010
01000011010111001101000010010010
01000011000101011100000100100111
01000010001111101011110101000010
01000011000101100000111101101010
01000011001111111101100110001111
01000010000111011100101101100001
01000010101110101000101110110111
01000001101100111010010110101011
01000010001001110100110000111011
01000001101111011001011100100101
01000011011101110110101101011101
01000010101011011001000011100101
01000011001011111101101100101001
01000001101011111010010110011100
01000010111010011100010110011110
01000010011101100111101100001011
01000011001000000000000101001011
01000011011010110001000000110011
01000011001111110000011000010111
01000010100011000010000010000111
01000011011011111011110101000001
01000011011101010111001011111111
01000010101110010000000111000000
01000010111011011011110100011010
01000010011100101100111100110011
01000001110111001110000111000100
01000011011101000111111111111011
01000011001011000111100010100110
01000011010111101110001111111001
01000010100111001101011111001001
01000010011111100111111010011110
01000011011011111110011000001100
01000011011110110010001100100111
01000011001000110011010001111010
01000001111011101101011101111110
01000010111001101110100001011111
01000010010110011000000011000110
01000011010011010000010111101011
01000011011111101110010010010010
01000011011101101101011111100110
01000010101101010010101101010110
01000011001110100000100001100110
01000010111111011011010000010001
01000010110000111001010000001000
01000010100000011011010110110100
01000001000111000010001000001011
01000010100000110000110001001010
01000011010101010110001100010110
01000000001101010110001001001011
01000010101000100110110111111101
01000010111011100000111010011010
01000011001010000000000101110111
01000011000001110111000011000011
01000011000000111000101010010101
01000011010001000111010010000010
01000011011101000111111011111001
01000010000100010101111100011001
01000010011101010100001110011110
01000010001010000100000110100110
01000010001100001101111011111110
01000010001101101011110001001011
01000011011100001100110001101111
01000011010000100001101011000010
01000011000111100000010000101101
01000011000000010001010010000010
