-0.0032546236
-0.004294709
0.035848916
0.014102259
-0.059743527
-0.06462401
-0.036393072
-0.052468017
0.03601643
0.021722611
-0.050231125
-0.051013645
-0.04683321
-0.012909365
0.006803942
0.021430666
0.018262237
0.016004285
-0.032092787
0.033136394
0.018198568
0.044108
0.0008359877
0.0033861536
-0.03102089
0.048930276
-0.03790831
0.042321537
0.022019325
-0.058252808
-0.048985936
-0.047095384
0.056491334
0.0056173475
0.021253701
-0.03908144
0.029182695
-0.048593283
-0.036452137
0.024199229
-0.027830191
0.052360523
-0.034776207
0.0028910937
-0.052765936
0.006671817
-0.0019140452
0.00030532523
0.01714999
-0.021937655
0.034187626
0.050301537
0.02868798
0.054330055
0.033585455
-0.030046364
-0.042972077
-0.036902543
-0.004380875
-0.0020935112
-0.05213987
0.04053298
-0.03874382
0.05086922