10111011010101010100101110000110
10111011100011001011101010100001
00111101000100101101011001010000
00111100011001110000110100101001
10111101011101001011010110100001
10111101100001000101100110011000
10111101000101010001000011100111
10111101010101101110100010110100
00111101000100111000010111110111
00111100101100011111001110011110
10111101010011011011111100100111
10111101010100001111001110101111
10111101001111111101010000101110
10111100010100111000000111001101
00111011110111101111001110011010
00111100101011111000111101011101
00111100100101011001101010110000
00111100100000110001101101101011
10111101000000110111001110111010
00111101000001111011101000000111
00111100100101010001010100101010
00111101001101001010101010010111
00111010010110110010011000101111
00111011010111011110101000111011
10111100111111100001111110000110
00111101010010000110101100011101
10111101000110110100010110111110
00111101001011010101100101011001
00111100101101000110000111011111
10111101011011101001101001111111
10111101010010001010010101111010
10111101010000001110011100010111
00111101011001110110001101110101
00111011101110000001000110111010
00111100101011100001110000111110
10111101001000000001001111011100
00111100111011110001000010001100
10111101010001110000100111000000
10111101000101010100111011010110
00111100110001100011110101110110
10111100111000111111110000100100
00111101010101100111011111111101
10111101000011100111000101111111
00111011001111010111100010000001
10111101010110000010000100011000
00111011110110101001111101000010
10111010111110101110000010110011
00111001101000000001010000001111
00111100100011000111111000100011
10111100101100111011011010011001
00111101000011000000100001010011
00111101010011100000100011111100
00111100111010110000001100001110
00111101010111101000100100110001
00111101000010011001000011100111
10111100111101100010001111001011
10111101001100000000001101111101
10111101000101110010011100011111
10111011100011111000110101110001
10111011000010010011001101001010
10111101010101011001000010011110
00111101001001100000010111101001
10111101000111101011000111010111
00111101010100000101110000111110
