00111101000010000000101100110100
00111101011100111000011000111111
10111101000110010001001110100010
00111101101010101101110110111110
00111101100111000010011110101110
00111101001110001111101000110011
00111101100100111001011101010000
10111100110100110000000000001001
10111101100111100100110100010000
10111100010101111101001111110010
00111101000111011010111101101001
00111101010001110101011110001000
00111100101011101010011110111111
10111011010110111000001111000100
00111101011000101011011110110011
10111101100011000000011000100010
10111100101100111011100011000001
10111100001101101101110111110110
10111101010010101010101100011001
10111101011111011010010001110010
00111101101001000010001111010000
10111101010011101100000011101011
10111101100010000100110011101110
00111101000100010000101101100111
00111011001101011100110010010110
00111100101100010101011111000100
00111101000010110011110100110011
10111101010101000000011101001010
10111011100000001001100101001001
10111100001001000010000101111110
00111101011010110110011110011100
10111101000001011010010001010001
