00111100100101111010111100010010
00111101100000011100101000100101
10111101110110110010001110010101
10111101100001001100100000110001
00111011100010101101011101110000
00111101110111011111011011101000
10111100101100111100010011010000
10111010011101100001101111101111
10111100110010001101111111001100
00111101101010001110000001110110
10111100101110100000110100110100
10111101110100111010001000110010
10111101110011101001101001100101
00111101100111101011100100101001
10111100000010001000010000001000
10111100001100100110100110000101
